   3.4913513990695724     
  -1.4025635675401313E-009
  -1.4360270718347301E-009
  -1.4707558552648356E-009
  -1.5067907909374648E-009
  -1.5442018552888996E-009
  -1.5830033298401798E-009
  -1.6233185967913721E-009
  -1.6652307909459979E-009
  -1.7088612622393726E-009
  -1.7542475567958529E-009
  -1.8014422831873715E-009
  -1.8506007777058881E-009
  -1.9019175799101652E-009
  -1.9554859716934917E-009
  -2.0113315546899656E-009
  -2.0696402250149608E-009
  -2.1306022176829389E-009
  -2.1943822676726227E-009
  -2.2612400725712161E-009
  -2.3311960493758306E-009
  -2.4045409385113521E-009
  -2.4814869630008007E-009
  -2.5623749396642286E-009
  -2.6474562647485881E-009
  -2.7369435401168259E-009
  -2.8312065136948030E-009
  -2.9306251303791402E-009
  -3.0356545200529113E-009
  -3.1467086956948642E-009
  -3.2642128411948248E-009
  -3.3887115296931234E-009
  -3.5208907800689091E-009
  -3.6614781032811875E-009
  -3.8109946157994964E-009
  -3.9697234482120595E-009
  -4.1355455855346787E-009
  -4.2950891379026010E-009
  -4.3838863751996379E-009
  -4.1231552888378178E-009
  -2.3855581426210262E-009
   5.1250431261343141E-009
   3.3863734919265633E-008
   1.3631725588719836E-007
   4.8069382378026848E-007
   1.5754305950174860E-006
   4.8690618562776720E-006
   1.4248216528488637E-005
   3.9524703164509038E-005
   1.0397642030897539E-004
   2.5942634497076993E-004
   6.1393923702896805E-004
   1.3780842165463268E-003
   2.9340525237124557E-003
   5.9251973363469313E-003
   1.1349612274678258E-002
   2.0620666324847343E-002
   3.5535948402196052E-002
   5.8086704539227513E-002
   9.0059430405122709E-002
  0.13244185779563131     
  0.18474171808827669     
  0.24442652596336564     
  0.30674349141461216     
  0.36512873151127090     
  0.41224965698204391     
  0.44148738813564586     
  0.44845618734423098     
  0.43208163773168562     
  0.39487234248528774     
  0.34229208709150105     
  0.28145014811669522     
  0.21954722660238102     
  0.16255165652581682     
  0.11444550019142372     
   7.7152867112423237E-002
   5.1056634204586240E-002
   3.5897695651910387E-002
   3.1844988335960514E-002
   4.0575499293577788E-002
   6.6240531907382119E-002
  0.11616443074445601     
  0.20102238587809967     
  0.33413490098729554     
  0.52950757405735338     
  0.79845051229944108     
   1.1450818168917507     
   1.5616658267128458     
   2.0253113994151128     
   2.4977134168024224     
   2.9290913154219824     
   3.2662579062760768     
   3.4632037178078763     
   3.4913513990695724     
   3.3463436637697157     
   3.0491480928450510     
   2.6410924858293634     
   2.1744481262453061     
   1.7015150427746473     
   1.2653278365904506     
  0.89414692026622578     
  0.60035847224647421     
  0.38297070149487866     
  0.23207642893894398     
  0.13358729860314089     
   7.3034311539365848E-002
   3.7920716859649664E-002
   1.8697153720727958E-002
   8.7536023352080081E-003
   3.8911219934409966E-003
   1.6421199536404861E-003
   6.5787245805182617E-004
   2.5017611938688694E-004
   9.0294651838062842E-005
   3.0923181735896252E-005
   1.0042538083360554E-005
   3.0869510578658261E-006
   8.9254355698477316E-007
   2.3720305919894145E-007
   5.2320546316506583E-008
   3.4217514397446191E-009
  -8.3409155309658086E-009
  -1.0555913541165638E-008
  -1.0493130668441227E-008
  -9.9575747299662859E-009
  -9.3677214301273560E-009
  -8.8107002661422161E-009
  -8.2994088918860663E-009
  -7.8317341723597415E-009
  -7.4034524009947861E-009
  -7.0103028189493473E-009
  -6.6483546846069604E-009
  -6.3142783193323290E-009
  -6.0053433469229883E-009
  -5.7189357026950140E-009
  -5.4530618945669255E-009
  -5.2056422553946516E-009
  -4.9749377569415615E-009
  -4.7594415439568004E-009
  -4.5578818442520763E-009
  -4.3692301679996915E-009
  -4.1921533607423403E-009
  -4.0257582586045824E-009
  -3.8691960226210631E-009
  -3.7217319648210631E-009
  -3.5827210649719275E-009
  -3.4514115165215723E-009
  -3.3273103335341033E-009
  -3.2097584310556654E-009
  -3.0985505417497924E-009
  -2.9930661083667775E-009
