          10
   0.0000000000000000        6.5295389451802521E-002   3.7481905219794540E-002
  0.37544543476644243        6.3401005625728160E-002   3.5357557485979067E-002
  0.75334138657484984        6.1258761584232407E-002   3.5197219648742853E-002
   1.1339824193183785        5.8930908670739419E-002   3.6623752701565294E-002
   1.5176158125035808        5.6451723312798373E-002   3.9491874132890799E-002
   1.9044684626090820        5.3836534369612624E-002   4.3840796000179184E-002
   2.2947698292971901        5.1081869791734139E-002   4.9938000449361322E-002
   2.6887886609206868        4.8147071406699694E-002   5.8572104911824789E-002
   3.0869820419577079        4.4809041000389439E-002   7.3162077994234714E-002
   3.4913513990695724        3.9074385731432723E-002  0.12559045433991503     
